{"1": [[-1.0, -1.0, -1.0, -1.0, -1.0, -1.0, -1.0, -1.0, -1.0, -1.0, -1.0, -1.0, -1.0], [-1.0, 1.0, 1.584962500721156, 1.584962500721156, 1.584962500721156, 1.584962500721156, 1.584962500721156, 1.584962500721156, 1.584962500721156, 1.584962500721156, 1.584962500721156, 1.0, -1.0], [-1.0, 1.584962500721156, 2.0, 2.0, 2.0, 2.0, 2.0, 2.0, 2.0, 2.0, 2.0, 1.584962500721156, -1.0], [-1.0, 1.584962500721156, 2.0, 2.0, 2.0, 2.0, 2.0, 2.0, 2.0, 2.0, 2.0, 1.584962500721156, -1.0], [-1.0, 1.584962500721156, 2.0, 2.0, 2.0, 2.0, 2.0, 2.0, 2.0, 2.0, 2.0, 1.584962500721156, -1.0], [-1.0, 1.584962500721156, 2.0, 2.0, 2.0, 2.0, 2.0, 2.0, 2.0, 2.0, 2.0, 1.584962500721156, -1.0], [-1.0, 1.584962500721156, 2.0, 2.0, 2.0, 2.0, 2.0, 2.0, 2.0, 2.0, 2.0, 1.584962500721156, -1.0], [-1.0, 1.584962500721156, 2.0, 2.0, 2.0, 2.0, 2.0, 2.0, 2.0, 2.0, 2.0, 1.584962500721156, -1.0], [-1.0, 1.584962500721156, 2.0, 2.0, 2.0, 2.0, 2.0, 2.0, 2.0, 2.0, 2.0, 1.584962500721156, -1.0], [-1.0, 1.584962500721156, 2.0, 2.0, 2.0, 2.0, 2.0, 2.0, 2.0, 2.0, 2.0, 1.584962500721156, -1.0], [-1.0, 1.584962500721156, 2.0, 2.0, 2.0, 2.0, 2.0, 2.0, 2.0, 2.0, 2.0, 1.584962500721156, -1.0], [-1.0, 1.0, 1.584962500721156, 1.584962500721156, 1.584962500721156, 1.584962500721156, 1.584962500721156, 1.584962500721156, 1.584962500721156, 1.584962500721156, 1.584962500721156, 1.0, -1.0], [-1.0, -1.0, -1.0, -1.0, -1.0, -1.0, -1.0, -1.0, -1.0, -1.0, -1.0, -1.0, -1.0]], "2": [[-1.0, -1.0, -1.0, -1.0, -1.0, -1.0, -1.0, -1.0, -1.0, -1.0, -1.0, -1.0, -1.0], [-1.0, 2.0, 2.321928094887362, 2.584962500721156, 2.584962500721156, 2.584962500721156, 2.584962500721156, 2.584962500721156, 2.584962500721156, 2.584962500721156, 2.321928094887362, 2.0, -1.0], [-1.0, 2.321928094887362, 2.807354922057604, 3.0, 3.0, 3.0, 3.0, 3.0, 3.0, 3.0, 2.807354922057604, 2.321928094887362, -1.0], [-1.0, 2.584962500721156, 3.0, 3.169925001442312, 3.169925001442312, 3.169925001442312, 3.169925001442312, 3.169925001442312, 3.169925001442312, 3.169925001442312, 3.0, 2.584962500721156, -1.0], [-1.0, 2.584962500721156, 3.0, 3.169925001442312, 3.169925001442312, 3.169925001442312, 3.169925001442312, 3.169925001442312, 3.169925001442312, 3.169925001442312, 3.0, 2.584962500721156, -1.0], [-1.0, 2.584962500721156, 3.0, 3.169925001442312, 3.169925001442312, 3.169925001442312, 3.169925001442312, 3.169925001442312, 3.169925001442312, 3.169925001442312, 3.0, 2.584962500721156, -1.0], [-1.0, 2.584962500721156, 3.0, 3.169925001442312, 3.169925001442312, 3.169925001442312, 3.169925001442312, 3.169925001442312, 3.169925001442312, 3.169925001442312, 3.0, 2.584962500721156, -1.0], [-1.0, 2.584962500721156, 3.0, 3.169925001442312, 3.169925001442312, 3.169925001442312, 3.169925001442312, 3.169925001442312, 3.169925001442312, 3.169925001442312, 3.0, 2.584962500721156, -1.0], [-1.0, 2.584962500721156, 3.0, 3.169925001442312, 3.169925001442312, 3.169925001442312, 3.169925001442312, 3.169925001442312, 3.169925001442312, 3.169925001442312, 3.0, 2.584962500721156, -1.0], [-1.0, 2.584962500721156, 3.0, 3.169925001442312, 3.169925001442312, 3.169925001442312, 3.169925001442312, 3.169925001442312, 3.169925001442312, 3.169925001442312, 3.0, 2.584962500721156, -1.0], [-1.0, 2.321928094887362, 2.807354922057604, 3.0, 3.0, 3.0, 3.0, 3.0, 3.0, 3.0, 2.807354922057604, 2.321928094887362, -1.0], [-1.0, 2.0, 2.321928094887362, 2.584962500721156, 2.584962500721156, 2.584962500721156, 2.584962500721156, 2.584962500721156, 2.584962500721156, 2.584962500721156, 2.321928094887362, 2.0, -1.0], [-1.0, -1.0, -1.0, -1.0, -1.0, -1.0, -1.0, -1.0, -1.0, -1.0, -1.0, -1.0, -1.0]], "3": [[-1.0, -1.0, -1.0, -1.0, -1.0, -1.0, -1.0, -1.0, -1.0, -1.0, -1.0, -1.0, -1.0], [-1.0, 2.584962500721156, 3.0, 3.169925001442312, 3.321928094887362, 3.321928094887362, 3.321928094887362, 3.321928094887362, 3.321928094887362, 3.169925001442312, 3.0, 2.584962500721156, -1.0], [-1.0, 3.0, 3.321928094887362, 3.584962500721156, 3.700439718141092, 3.700439718141092, 3.700439718141092, 3.700439718141092, 3.700439718141092, 3.584962500721156, 3.321928094887362, 3.0, -1.0], [-1.0, 3.169925001442312, 3.584962500721156, 3.807354922057604, 3.9068905956085187, 3.9068905956085187, 3.9068905956085187, 3.9068905956085187, 3.9068905956085187, 3.807354922057604, 3.584962500721156, 3.169925001442312, -1.0], [-1.0, 3.321928094887362, 3.700439718141092, 3.9068905956085187, 4.0, 4.0, 4.0, 4.0, 4.0, 3.9068905956085187, 3.700439718141092, 3.321928094887362, -1.0], [-1.0, 3.321928094887362, 3.700439718141092, 3.9068905956085187, 4.0, 4.0, 4.0, 4.0, 4.0, 3.9068905956085187, 3.700439718141092, 3.321928094887362, -1.0], [-1.0, 3.321928094887362, 3.700439718141092, 3.9068905956085187, 4.0, 4.0, 4.0, 4.0, 4.0, 3.9068905956085187, 3.700439718141092, 3.321928094887362, -1.0], [-1.0, 3.321928094887362, 3.700439718141092, 3.9068905956085187, 4.0, 4.0, 4.0, 4.0, 4.0, 3.9068905956085187, 3.700439718141092, 3.321928094887362, -1.0], [-1.0, 3.321928094887362, 3.700439718141092, 3.9068905956085187, 4.0, 4.0, 4.0, 4.0, 4.0, 3.9068905956085187, 3.700439718141092, 3.321928094887362, -1.0], [-1.0, 3.169925001442312, 3.584962500721156, 3.807354922057604, 3.9068905956085187, 3.9068905956085187, 3.9068905956085187, 3.9068905956085187, 3.9068905956085187, 3.807354922057604, 3.584962500721156, 3.169925001442312, -1.0], [-1.0, 3.0, 3.321928094887362, 3.584962500721156, 3.700439718141092, 3.700439718141092, 3.700439718141092, 3.700439718141092, 3.700439718141092, 3.584962500721156, 3.321928094887362, 3.0, -1.0], [-1.0, 2.584962500721156, 3.0, 3.169925001442312, 3.321928094887362, 3.321928094887362, 3.321928094887362, 3.321928094887362, 3.321928094887362, 3.169925001442312, 3.0, 2.584962500721156, -1.0], [-1.0, -1.0, -1.0, -1.0, -1.0, -1.0, -1.0, -1.0, -1.0, -1.0, -1.0, -1.0, -1.0]], "4": [[-1.0, -1.0, -1.0, -1.0, -1.0, -1.0, -1.0, -1.0, -1.0, -1.0, -1.0, -1.0, -1.0], [-1.0, 3.169925001442312, 3.4594316186372973, 3.700439718141092, 3.807354922057604, 3.9068905956085187, 3.9068905956085187, 3.9068905956085187, 3.807354922057604, 3.700439718141092, 3.4594316186372973, 3.169925001442312, -1.0], [-1.0, 3.4594316186372973, 3.807354922057604, 4.0, 4.169925001442312, 4.247927513443585, 4.247927513443585, 4.247927513443585, 4.169925001442312, 4.0, 3.807354922057604, 3.4594316186372973, -1.0], [-1.0, 3.700439718141092, 4.0, 4.247927513443585, 4.392317422778761, 4.459431618637297, 4.459431618637297, 4.459431618637297, 4.392317422778761, 4.247927513443585, 4.0, 3.700439718141092, -1.0], [-1.0, 3.807354922057604, 4.169925001442312, 4.392317422778761, 4.523561956057013, 4.584962500721156, 4.584962500721156, 4.584962500721156, 4.523561956057013, 4.392317422778761, 4.169925001442312, 3.807354922057604, -1.0], [-1.0, 3.9068905956085187, 4.247927513443585, 4.459431618637297, 4.584962500721156, 4.643856189774724, 4.643856189774724, 4.643856189774724, 4.584962500721156, 4.459431618637297, 4.247927513443585, 3.9068905956085187, -1.0], [-1.0, 3.9068905956085187, 4.247927513443585, 4.459431618637297, 4.584962500721156, 4.643856189774724, 4.643856189774724, 4.643856189774724, 4.584962500721156, 4.459431618637297, 4.247927513443585, 3.9068905956085187, -1.0], [-1.0, 3.9068905956085187, 4.247927513443585, 4.459431618637297, 4.584962500721156, 4.643856189774724, 4.643856189774724, 4.643856189774724, 4.584962500721156, 4.459431618637297, 4.247927513443585, 3.9068905956085187, -1.0], [-1.0, 3.807354922057604, 4.169925001442312, 4.392317422778761, 4.523561956057013, 4.584962500721156, 4.584962500721156, 4.584962500721156, 4.523561956057013, 4.392317422778761, 4.169925001442312, 3.807354922057604, -1.0], [-1.0, 3.700439718141092, 4.0, 4.247927513443585, 4.392317422778761, 4.459431618637297, 4.459431618637297, 4.459431618637297, 4.392317422778761, 4.247927513443585, 4.0, 3.700439718141092, -1.0], [-1.0, 3.4594316186372973, 3.807354922057604, 4.0, 4.169925001442312, 4.247927513443585, 4.247927513443585, 4.247927513443585, 4.169925001442312, 4.0, 3.807354922057604, 3.4594316186372973, -1.0], [-1.0, 3.169925001442312, 3.4594316186372973, 3.700439718141092, 3.807354922057604, 3.9068905956085187, 3.9068905956085187, 3.9068905956085187, 3.807354922057604, 3.700439718141092, 3.4594316186372973, 3.169925001442312, -1.0], [-1.0, -1.0, -1.0, -1.0, -1.0, -1.0, -1.0, -1.0, -1.0, -1.0, -1.0, -1.0, -1.0]], "5": [[-1.0, -1.0, -1.0, -1.0, -1.0, -1.0, -1.0, -1.0, -1.0, -1.0, -1.0, -1.0, -1.0], [-1.0, 3.584962500721156, 3.9068905956085187, 4.087462841250339, 4.247927513443585, 4.321928094887363, 4.392317422778761, 4.321928094887363, 4.247927513443585, 4.087462841250339, 3.9068905956085187, 3.584962500721156, -1.0], [-1.0, 3.9068905956085187, 4.169925001442312, 4.392317422778761, 4.523561956057013, 4.643856189774724, 4.700439718141092, 4.643856189774724, 4.523561956057013, 4.392317422778761, 4.169925001442312, 3.9068905956085187, -1.0], [-1.0, 4.087462841250339, 4.392317422778761, 4.584962500721156, 4.754887502163468, 4.857980995127572, 4.906890595608519, 4.857980995127572, 4.754887502163468, 4.584962500721156, 4.392317422778761, 4.087462841250339, -1.0], [-1.0, 4.247927513443585, 4.523561956057013, 4.754887502163468, 4.906890595608519, 5.0, 5.044394119358453, 5.0, 4.906890595608519, 4.754887502163468, 4.523561956057013, 4.247927513443585, -1.0], [-1.0, 4.321928094887363, 4.643856189774724, 4.857980995127572, 5.0, 5.087462841250339, 5.129283016944966, 5.087462841250339, 5.0, 4.857980995127572, 4.643856189774724, 4.321928094887363, -1.0], [-1.0, 4.392317422778761, 4.700439718141092, 4.906890595608519, 5.044394119358453, 5.129283016944966, 5.169925001442312, 5.129283016944966, 5.044394119358453, 4.906890595608519, 4.700439718141092, 4.392317422778761, -1.0], [-1.0, 4.321928094887363, 4.643856189774724, 4.857980995127572, 5.0, 5.087462841250339, 5.129283016944966, 5.087462841250339, 5.0, 4.857980995127572, 4.643856189774724, 4.321928094887363, -1.0], [-1.0, 4.247927513443585, 4.523561956057013, 4.754887502163468, 4.906890595608519, 5.0, 5.044394119358453, 5.0, 4.906890595608519, 4.754887502163468, 4.523561956057013, 4.247927513443585, -1.0], [-1.0, 4.087462841250339, 4.392317422778761, 4.584962500721156, 4.754887502163468, 4.857980995127572, 4.906890595608519, 4.857980995127572, 4.754887502163468, 4.584962500721156, 4.392317422778761, 4.087462841250339, -1.0], [-1.0, 3.9068905956085187, 4.169925001442312, 4.392317422778761, 4.523561956057013, 4.643856189774724, 4.700439718141092, 4.643856189774724, 4.523561956057013, 4.392317422778761, 4.169925001442312, 3.9068905956085187, -1.0], [-1.0, 3.584962500721156, 3.9068905956085187, 4.087462841250339, 4.247927513443585, 4.321928094887363, 4.392317422778761, 4.321928094887363, 4.247927513443585, 4.087462841250339, 3.9068905956085187, 3.584962500721156, -1.0], [-1.0, -1.0, -1.0, -1.0, -1.0, -1.0, -1.0, -1.0, -1.0, -1.0, -1.0, -1.0, -1.0]], "6": [[-1.0, -1.0, -1.0, -1.0, -1.0, -1.0, -1.0, -1.0, -1.0, -1.0, -1.0, -1.0, -1.0], [-1.0, 4.0, 4.247927513443585, 4.459431618637297, 4.584962500721156, 4.700439718141092, 4.700439718141092, 4.700439718141092, 4.584962500721156, 4.459431618637297, 4.247927513443585, 4.0, -1.0], [-1.0, 4.247927513443585, 4.523561956057013, 4.700439718141092, 4.857980995127572, 4.954196310386875, 5.0, 4.954196310386875, 4.857980995127572, 4.700439718141092, 4.523561956057013, 4.247927513443585, -1.0], [-1.0, 4.459431618637297, 4.700439718141092, 4.906890595608519, 5.044394119358453, 5.169925001442312, 5.20945336562895, 5.169925001442312, 5.044394119358453, 4.906890595608519, 4.700439718141092, 4.459431618637297, -1.0], [-1.0, 4.584962500721156, 4.857980995127572, 5.044394119358453, 5.20945336562895, 5.321928094887363, 5.357552004618084, 5.321928094887363, 5.20945336562895, 5.044394119358453, 4.857980995127572, 4.584962500721156, -1.0], [-1.0, 4.700439718141092, 4.954196310386875, 5.169925001442312, 5.321928094887363, 5.426264754702098, 5.459431618637297, 5.426264754702098, 5.321928094887363, 5.169925001442312, 4.954196310386875, 4.700439718141092, -1.0], [-1.0, 4.700439718141092, 5.0, 5.20945336562895, 5.357552004618084, 5.459431618637297, 5.491853096329675, 5.459431618637297, 5.357552004618084, 5.20945336562895, 5.0, 4.700439718141092, -1.0], [-1.0, 4.700439718141092, 4.954196310386875, 5.169925001442312, 5.321928094887363, 5.426264754702098, 5.459431618637297, 5.426264754702098, 5.321928094887363, 5.169925001442312, 4.954196310386875, 4.700439718141092, -1.0], [-1.0, 4.584962500721156, 4.857980995127572, 5.044394119358453, 5.20945336562895, 5.321928094887363, 5.357552004618084, 5.321928094887363, 5.20945336562895, 5.044394119358453, 4.857980995127572, 4.584962500721156, -1.0], [-1.0, 4.459431618637297, 4.700439718141092, 4.906890595608519, 5.044394119358453, 5.169925001442312, 5.20945336562895, 5.169925001442312, 5.044394119358453, 4.906890595608519, 4.700439718141092, 4.459431618637297, -1.0], [-1.0, 4.247927513443585, 4.523561956057013, 4.700439718141092, 4.857980995127572, 4.954196310386875, 5.0, 4.954196310386875, 4.857980995127572, 4.700439718141092, 4.523561956057013, 4.247927513443585, -1.0], [-1.0, 4.0, 4.247927513443585, 4.459431618637297, 4.584962500721156, 4.700439718141092, 4.700439718141092, 4.700439718141092, 4.584962500721156, 4.459431618637297, 4.247927513443585, 4.0, -1.0], [-1.0, -1.0, -1.0, -1.0, -1.0, -1.0, -1.0, -1.0, -1.0, -1.0, -1.0, -1.0, -1.0]], "7": [[-1.0, -1.0, -1.0, -1.0, -1.0, -1.0, -1.0, -1.0, -1.0, -1.0, -1.0, -1.0, -1.0], [-1.0, 4.321928094887363, 4.584962500721156, 4.754887502163468, 4.906890595608519, 4.954196310386875, 5.0, 4.954196310386875, 4.906890595608519, 4.754887502163468, 4.584962500721156, 4.321928094887363, -1.0], [-1.0, 4.584962500721156, 4.807354922057604, 5.0, 5.129283016944966, 5.20945336562895, 5.20945336562895, 5.20945336562895, 5.129283016944966, 5.0, 4.807354922057604, 4.584962500721156, -1.0], [-1.0, 4.754887502163468, 5.0, 5.169925001442312, 5.321928094887363, 5.392317422778761, 5.426264754702098, 5.392317422778761, 5.321928094887363, 5.169925001442312, 5.0, 4.754887502163468, -1.0], [-1.0, 4.906890595608519, 5.129283016944966, 5.321928094887363, 5.459431618637297, 5.554588851677638, 5.584962500721156, 5.554588851677638, 5.459431618637297, 5.321928094887363, 5.129283016944966, 4.906890595608519, -1.0], [-1.0, 4.954196310386875, 5.20945336562895, 5.392317422778761, 5.554588851677638, 5.643856189774724, 5.672425341971495, 5.643856189774724, 5.554588851677638, 5.392317422778761, 5.20945336562895, 4.954196310386875, -1.0], [-1.0, 5.0, 5.20945336562895, 5.426264754702098, 5.584962500721156, 5.672425341971495, 5.700439718141092, 5.672425341971495, 5.584962500721156, 5.426264754702098, 5.20945336562895, 5.0, -1.0], [-1.0, 4.954196310386875, 5.20945336562895, 5.392317422778761, 5.554588851677638, 5.643856189774724, 5.672425341971495, 5.643856189774724, 5.554588851677638, 5.392317422778761, 5.20945336562895, 4.954196310386875, -1.0], [-1.0, 4.906890595608519, 5.129283016944966, 5.321928094887363, 5.459431618637297, 5.554588851677638, 5.584962500721156, 5.554588851677638, 5.459431618637297, 5.321928094887363, 5.129283016944966, 4.906890595608519, -1.0], [-1.0, 4.754887502163468, 5.0, 5.169925001442312, 5.321928094887363, 5.392317422778761, 5.426264754702098, 5.392317422778761, 5.321928094887363, 5.169925001442312, 5.0, 4.754887502163468, -1.0], [-1.0, 4.584962500721156, 4.807354922057604, 5.0, 5.129283016944966, 5.20945336562895, 5.20945336562895, 5.20945336562895, 5.129283016944966, 5.0, 4.807354922057604, 4.584962500721156, -1.0], [-1.0, 4.321928094887363, 4.584962500721156, 4.754887502163468, 4.906890595608519, 4.954196310386875, 5.0, 4.954196310386875, 4.906890595608519, 4.754887502163468, 4.584962500721156, 4.321928094887363, -1.0], [-1.0, -1.0, -1.0, -1.0, -1.0, -1.0, -1.0, -1.0, -1.0, -1.0, -1.0, -1.0, -1.0]], "8": [[-1.0, -1.0, -1.0, -1.0, -1.0, -1.0, -1.0, -1.0, -1.0, -1.0, -1.0, -1.0, -1.0], [-1.0, 4.643856189774724, 4.857980995127572, 5.044394119358453, 5.129283016944966, 5.20945336562895, 5.20945336562895, 5.20945336562895, 5.129283016944966, 5.044394119358453, 4.857980995127572, 4.643856189774724, -1.0], [-1.0, 4.857980995127572, 5.087462841250339, 5.247927513443585, 5.357552004618084, 5.392317422778761, 5.426264754702098, 5.392317422778761, 5.357552004618084, 5.247927513443585, 5.087462841250339, 4.857980995127572, -1.0], [-1.0, 5.044394119358453, 5.247927513443585, 5.426264754702098, 5.523561956057013, 5.584962500721156, 5.584962500721156, 5.584962500721156, 5.523561956057013, 5.426264754702098, 5.247927513443585, 5.044394119358453, -1.0], [-1.0, 5.129283016944966, 5.357552004618084, 5.523561956057013, 5.643856189774724, 5.700439718141092, 5.727920454563199, 5.700439718141092, 5.643856189774724, 5.523561956057013, 5.357552004618084, 5.129283016944966, -1.0], [-1.0, 5.20945336562895, 5.392317422778761, 5.584962500721156, 5.700439718141092, 5.78135971352466, 5.807354922057604, 5.78135971352466, 5.700439718141092, 5.584962500721156, 5.392317422778761, 5.20945336562895, -1.0], [-1.0, 5.20945336562895, 5.426264754702098, 5.584962500721156, 5.727920454563199, 5.807354922057604, 5.832890014164741, 5.807354922057604, 5.727920454563199, 5.584962500721156, 5.426264754702098, 5.20945336562895, -1.0], [-1.0, 5.20945336562895, 5.392317422778761, 5.584962500721156, 5.700439718141092, 5.78135971352466, 5.807354922057604, 5.78135971352466, 5.700439718141092, 5.584962500721156, 5.392317422778761, 5.20945336562895, -1.0], [-1.0, 5.129283016944966, 5.357552004618084, 5.523561956057013, 5.643856189774724, 5.700439718141092, 5.727920454563199, 5.700439718141092, 5.643856189774724, 5.523561956057013, 5.357552004618084, 5.129283016944966, -1.0], [-1.0, 5.044394119358453, 5.247927513443585, 5.426264754702098, 5.523561956057013, 5.584962500721156, 5.584962500721156, 5.584962500721156, 5.523561956057013, 5.426264754702098, 5.247927513443585, 5.044394119358453, -1.0], [-1.0, 4.857980995127572, 5.087462841250339, 5.247927513443585, 5.357552004618084, 5.392317422778761, 5.426264754702098, 5.392317422778761, 5.357552004618084, 5.247927513443585, 5.087462841250339, 4.857980995127572, -1.0], [-1.0, 4.643856189774724, 4.857980995127572, 5.044394119358453, 5.129283016944966, 5.20945336562895, 5.20945336562895, 5.20945336562895, 5.129283016944966, 5.044394119358453, 4.857980995127572, 4.643856189774724, -1.0], [-1.0, -1.0, -1.0, -1.0, -1.0, -1.0, -1.0, -1.0, -1.0, -1.0, -1.0, -1.0, -1.0]], "9": [[-1.0, -1.0, -1.0, -1.0, -1.0, -1.0, -1.0, -1.0, -1.0, -1.0, -1.0, -1.0, -1.0], [-1.0, 4.906890595608519, 5.129283016944966, 5.247927513443585, 5.357552004618084, 5.392317422778761, 5.426264754702098, 5.392317422778761, 5.357552004618084, 5.247927513443585, 5.129283016944966, 4.906890595608519, -1.0], [-1.0, 5.129283016944966, 5.321928094887363, 5.459431618637297, 5.523561956057013, 5.584962500721156, 5.584962500721156, 5.584962500721156, 5.523561956057013, 5.459431618637297, 5.321928094887363, 5.129283016944966, -1.0], [-1.0, 5.247927513443585, 5.459431618637297, 5.584962500721156, 5.672425341971495, 5.700439718141092, 5.727920454563199, 5.700439718141092, 5.672425341971495, 5.584962500721156, 5.459431618637297, 5.247927513443585, -1.0], [-1.0, 5.357552004618084, 5.523561956057013, 5.672425341971495, 5.754887502163468, 5.807354922057604, 5.807354922057604, 5.807354922057604, 5.754887502163468, 5.672425341971495, 5.523561956057013, 5.357552004618084, -1.0], [-1.0, 5.392317422778761, 5.584962500721156, 5.700439718141092, 5.807354922057604, 5.857980995127572, 5.882643049361842, 5.857980995127572, 5.807354922057604, 5.700439718141092, 5.584962500721156, 5.392317422778761, -1.0], [-1.0, 5.426264754702098, 5.584962500721156, 5.727920454563199, 5.807354922057604, 5.882643049361842, 5.906890595608519, 5.882643049361842, 5.807354922057604, 5.727920454563199, 5.584962500721156, 5.426264754702098, -1.0], [-1.0, 5.392317422778761, 5.584962500721156, 5.700439718141092, 5.807354922057604, 5.857980995127572, 5.882643049361842, 5.857980995127572, 5.807354922057604, 5.700439718141092, 5.584962500721156, 5.392317422778761, -1.0], [-1.0, 5.357552004618084, 5.523561956057013, 5.672425341971495, 5.754887502163468, 5.807354922057604, 5.807354922057604, 5.807354922057604, 5.754887502163468, 5.672425341971495, 5.523561956057013, 5.357552004618084, -1.0], [-1.0, 5.247927513443585, 5.459431618637297, 5.584962500721156, 5.672425341971495, 5.700439718141092, 5.727920454563199, 5.700439718141092, 5.672425341971495, 5.584962500721156, 5.459431618637297, 5.247927513443585, -1.0], [-1.0, 5.129283016944966, 5.321928094887363, 5.459431618637297, 5.523561956057013, 5.584962500721156, 5.584962500721156, 5.584962500721156, 5.523561956057013, 5.459431618637297, 5.321928094887363, 5.129283016944966, -1.0], [-1.0, 4.906890595608519, 5.129283016944966, 5.247927513443585, 5.357552004618084, 5.392317422778761, 5.426264754702098, 5.392317422778761, 5.357552004618084, 5.247927513443585, 5.129283016944966, 4.906890595608519, -1.0], [-1.0, -1.0, -1.0, -1.0, -1.0, -1.0, -1.0, -1.0, -1.0, -1.0, -1.0, -1.0, -1.0]], "10": [[-1.0, -1.0, -1.0, -1.0, -1.0, -1.0, -1.0, -1.0, -1.0, -1.0, -1.0, -1.0, -1.0], [-1.0, 5.169925001442312, 5.321928094887363, 5.459431618637297, 5.523561956057013, 5.584962500721156, 5.584962500721156, 5.584962500721156, 5.523561956057013, 5.459431618637297, 5.321928094887363, 5.169925001442312, -1.0], [-1.0, 5.321928094887363, 5.491853096329675, 5.584962500721156, 5.672425341971495, 5.700439718141092, 5.727920454563199, 5.700439718141092, 5.672425341971495, 5.584962500721156, 5.491853096329675, 5.321928094887363, -1.0], [-1.0, 5.459431618637297, 5.584962500721156, 5.700439718141092, 5.754887502163468, 5.807354922057604, 5.807354922057604, 5.807354922057604, 5.754887502163468, 5.700439718141092, 5.584962500721156, 5.459431618637297, -1.0], [-1.0, 5.523561956057013, 5.672425341971495, 5.754887502163468, 5.832890014164741, 5.857980995127572, 5.882643049361842, 5.857980995127572, 5.832890014164741, 5.754887502163468, 5.672425341971495, 5.523561956057013, -1.0], [-1.0, 5.584962500721156, 5.700439718141092, 5.807354922057604, 5.857980995127572, 5.906890595608519, 5.906890595608519, 5.906890595608519, 5.857980995127572, 5.807354922057604, 5.700439718141092, 5.584962500721156, -1.0], [-1.0, 5.584962500721156, 5.727920454563199, 5.807354922057604, 5.882643049361842, 5.906890595608519, 5.930737337562887, 5.906890595608519, 5.882643049361842, 5.807354922057604, 5.727920454563199, 5.584962500721156, -1.0], [-1.0, 5.584962500721156, 5.700439718141092, 5.807354922057604, 5.857980995127572, 5.906890595608519, 5.906890595608519, 5.906890595608519, 5.857980995127572, 5.807354922057604, 5.700439718141092, 5.584962500721156, -1.0], [-1.0, 5.523561956057013, 5.672425341971495, 5.754887502163468, 5.832890014164741, 5.857980995127572, 5.882643049361842, 5.857980995127572, 5.832890014164741, 5.754887502163468, 5.672425341971495, 5.523561956057013, -1.0], [-1.0, 5.459431618637297, 5.584962500721156, 5.700439718141092, 5.754887502163468, 5.807354922057604, 5.807354922057604, 5.807354922057604, 5.754887502163468, 5.700439718141092, 5.584962500721156, 5.459431618637297, -1.0], [-1.0, 5.321928094887363, 5.491853096329675, 5.584962500721156, 5.672425341971495, 5.700439718141092, 5.727920454563199, 5.700439718141092, 5.672425341971495, 5.584962500721156, 5.491853096329675, 5.321928094887363, -1.0], [-1.0, 5.169925001442312, 5.321928094887363, 5.459431618637297, 5.523561956057013, 5.584962500721156, 5.584962500721156, 5.584962500721156, 5.523561956057013, 5.459431618637297, 5.321928094887363, 5.169925001442312, -1.0], [-1.0, -1.0, -1.0, -1.0, -1.0, -1.0, -1.0, -1.0, -1.0, -1.0, -1.0, -1.0, -1.0]], "11": [[-1.0000000000000004, -1.0, -0.9999999999999999, -0.9999999999999999, -0.9999999999999994, -0.9999999999999988, -0.999999999999999, -1.0000000000000004, -0.9999999999999996, -0.9999999999999996, -0.9999999999999999, -0.9999999999999999, -1.0000000000000007], [-1.0000000000000002, -0.10649175183871838, 1.2454050591901464, 1.5598242540914673, 1.3292025386194681, 1.3199585037970842, 1.4061353969727202, 1.3598532544914954, 1.4379146123599138, 1.767661145989287, 1.4739085887487646, -0.008239210639600538, -0.9999999999999996], [-1.0, 1.2454050591901478, 4.643856189774727, 5.436790897764386, 4.857980995127573, 4.830762521266224, 5.044394119358457, 4.93112987215801, 5.129283016944967, 5.952469052068636, 5.209453365628953, 1.4884102843872675, -0.9999999999999997], [-0.9999999999999996, 1.5598242540914677, 5.436790897764387, 6.347359316266031, 5.688863147441671, 5.647430899860849, 5.883496312392209, 5.762170642235099, 5.992969989612589, 6.917067146766555, 6.057856830990373, 1.8261249189812279, -0.9999999999999989], [-0.9999999999999997, 1.3292025386194681, 4.8579809951275745, 5.68886314744167, 5.087462841250341, 5.0394868403808015, 5.247927513443587, 5.14437838574837, 5.357552004618083, 6.183725764056659, 5.392317422778762, 1.5575841009713773, -0.9999999999999991], [-0.9999999999999993, 1.319958503797085, 4.830762521266223, 5.647430899860848, 5.039486840380801, 4.99273320425748, 5.2035871421020765, 5.0974819679921115, 5.3053013606906285, 6.128813651419708, 5.347875416552064, 1.5405950536645625, -0.9999999999999988], [-0.9999999999999993, 1.4061353969727206, 5.044394119358456, 5.883496312392207, 5.247927513443584, 5.203587142102074, 5.426264754702102, 5.311452399545266, 5.523561956057013, 6.385466304919902, 5.58496250072116, 1.6369732883501393, -0.9999999999999991], [-1.0000000000000002, 1.3598532544914959, 4.931129872158011, 5.762170642235098, 5.144378385748369, 5.0974819679921115, 5.311452399545266, 5.201764928211134, 5.415669605405766, 6.263238621407985, 5.474057918334894, 1.592178766854483, -0.9999999999999994], [-0.9999999999999993, 1.4379146123599142, 5.129283016944967, 5.9929699896125905, 5.357552004618085, 5.305301360690627, 5.523561956057014, 5.415669605405767, 5.6438561897747235, 6.520596352297451, 5.700439718141091, 1.682240965169533, -0.9999999999999989], [-0.9999999999999996, 1.7676611459892877, 5.952469052068636, 6.917067146766555, 6.183725764056658, 6.128813651419707, 6.385466304919901, 6.263238621407985, 6.520596352297451, 7.520894464377224, 6.598133931375256, 2.042716374757145, -0.9999999999999987], [-0.9999999999999992, 1.4739085887487648, 5.209453365628952, 6.057856830990372, 5.392317422778761, 5.347875416552063, 5.584962500721157, 5.474057918334893, 5.700439718141093, 6.598133931375257, 5.7813597135246635, 1.7167000347932733, -0.999999999999999], [-0.9999999999999998, -0.008239210639600718, 1.4884102843872664, 1.8261249189812274, 1.557584100971377, 1.5405950536645623, 1.6369732883501396, 1.5921787668544831, 1.6822409651695336, 2.0427163747571453, 1.7167000347932735, 0.08853277005377304, -0.9999999999999997], [-0.9999999999999999, -1.0000000000000002, -1.0000000000000004, -1.0000000000000004, -1.0000000000000007, -1.0000000000000004, -1.0000000000000004, -0.9999999999999999, -0.9999999999999994, -0.9999999999999997, -1.0, -0.9999999999999996, -1.0000000000000004]], "12": [[-1.0000000000000004, -1.0, -0.9999999999999999, -0.9999999999999999, -0.9999999999999994, -0.9999999999999988, -0.999999999999999, -1.0000000000000004, -0.9999999999999996, -0.9999999999999996, -0.9999999999999999, -0.9999999999999999, -1.0000000000000007], [-1.0000000000000002, -0.10649175183871838, 1.2454050591901464, 1.5598242540914673, 1.3292025386194681, 1.3199585037970842, 1.4061353969727202, 1.3598532544914954, 1.4379146123599138, 1.767661145989287, 1.4739085887487646, -0.008239210639600538, -0.9999999999999996], [-1.0, 1.2454050591901478, 4.643856189774727, 5.436790897764386, 4.857980995127573, 4.830762521266224, 5.044394119358457, 4.93112987215801, 5.129283016944967, 5.952469052068636, 5.209453365628953, 1.4884102843872675, -0.9999999999999997], [-0.9999999999999996, 1.5598242540914677, 5.436790897764387, 6.347359316266031, 5.688863147441671, 5.647430899860849, 5.883496312392209, 5.762170642235099, 5.992969989612589, 6.917067146766555, 6.057856830990373, 1.8261249189812279, -0.9999999999999989], [-0.9999999999999997, 1.3292025386194681, 4.8579809951275745, 5.68886314744167, 5.087462841250341, 5.0394868403808015, 5.247927513443587, 5.14437838574837, 5.357552004618083, 6.183725764056659, 5.392317422778762, 1.5575841009713773, -0.9999999999999991], [-0.9999999999999993, 1.319958503797085, 4.830762521266223, 5.647430899860848, 5.039486840380801, 4.99273320425748, 5.2035871421020765, 5.0974819679921115, 5.3053013606906285, 6.128813651419708, 5.347875416552064, 1.5405950536645625, -0.9999999999999988], [-0.9999999999999993, 1.4061353969727206, 5.044394119358456, 5.883496312392207, 5.247927513443584, 5.203587142102074, 5.426264754702102, 5.311452399545266, 5.523561956057013, 6.385466304919902, 5.58496250072116, 1.6369732883501393, -0.9999999999999991], [-1.0000000000000002, 1.3598532544914959, 4.931129872158011, 5.762170642235098, 5.144378385748369, 5.0974819679921115, 5.311452399545266, 5.201764928211134, 5.415669605405766, 6.263238621407985, 5.474057918334894, 1.592178766854483, -0.9999999999999994], [-0.9999999999999993, 1.4379146123599142, 5.129283016944967, 5.9929699896125905, 5.357552004618085, 5.305301360690627, 5.523561956057014, 5.415669605405767, 5.6438561897747235, 6.520596352297451, 5.700439718141091, 1.682240965169533, -0.9999999999999989], [-0.9999999999999996, 1.7676611459892877, 5.952469052068636, 6.917067146766555, 6.183725764056658, 6.128813651419707, 6.385466304919901, 6.263238621407985, 6.520596352297451, 7.520894464377224, 6.598133931375256, 2.042716374757145, -0.9999999999999987], [-0.9999999999999992, 1.4739085887487648, 5.209453365628952, 6.057856830990372, 5.392317422778761, 5.347875416552063, 5.584962500721157, 5.474057918334893, 5.700439718141093, 6.598133931375257, 5.7813597135246635, 1.7167000347932733, -0.999999999999999], [-0.9999999999999998, -0.008239210639600718, 1.4884102843872664, 1.8261249189812274, 1.557584100971377, 1.5405950536645623, 1.6369732883501396, 1.5921787668544831, 1.6822409651695336, 2.0427163747571453, 1.7167000347932735, 0.08853277005377304, -0.9999999999999997], [-0.9999999999999999, -1.0000000000000002, -1.0000000000000004, -1.0000000000000004, -1.0000000000000007, -1.0000000000000004, -1.0000000000000004, -0.9999999999999999, -0.9999999999999994, -0.9999999999999997, -1.0, -0.9999999999999996, -1.0000000000000004]], "13": [[-1.0000000000000004, -1.0, -0.9999999999999999, -0.9999999999999999, -0.9999999999999994, -0.9999999999999988, -0.999999999999999, -1.0000000000000004, -0.9999999999999996, -0.9999999999999996, -0.9999999999999999, -0.9999999999999999, -1.0000000000000007], [-1.0000000000000002, -0.10649175183871838, 1.2454050591901464, 1.5598242540914673, 1.3292025386194681, 1.3199585037970842, 1.4061353969727202, 1.3598532544914954, 1.4379146123599138, 1.767661145989287, 1.4739085887487646, -0.008239210639600538, -0.9999999999999996], [-1.0, 1.2454050591901478, 4.643856189774727, 5.436790897764386, 4.857980995127573, 4.830762521266224, 5.044394119358457, 4.93112987215801, 5.129283016944967, 5.952469052068636, 5.209453365628953, 1.4884102843872675, -0.9999999999999997], [-0.9999999999999996, 1.5598242540914677, 5.436790897764387, 6.347359316266031, 5.688863147441671, 5.647430899860849, 5.883496312392209, 5.762170642235099, 5.992969989612589, 6.917067146766555, 6.057856830990373, 1.8261249189812279, -0.9999999999999989], [-0.9999999999999997, 1.3292025386194681, 4.8579809951275745, 5.68886314744167, 5.087462841250341, 5.0394868403808015, 5.247927513443587, 5.14437838574837, 5.357552004618083, 6.183725764056659, 5.392317422778762, 1.5575841009713773, -0.9999999999999991], [-0.9999999999999993, 1.319958503797085, 4.830762521266223, 5.647430899860848, 5.039486840380801, 4.99273320425748, 5.2035871421020765, 5.0974819679921115, 5.3053013606906285, 6.128813651419708, 5.347875416552064, 1.5405950536645625, -0.9999999999999988], [-0.9999999999999993, 1.4061353969727206, 5.044394119358456, 5.883496312392207, 5.247927513443584, 5.203587142102074, 5.426264754702102, 5.311452399545266, 5.523561956057013, 6.385466304919902, 5.58496250072116, 1.6369732883501393, -0.9999999999999991], [-1.0000000000000002, 1.3598532544914959, 4.931129872158011, 5.762170642235098, 5.144378385748369, 5.0974819679921115, 5.311452399545266, 5.201764928211134, 5.415669605405766, 6.263238621407985, 5.474057918334894, 1.592178766854483, -0.9999999999999994], [-0.9999999999999993, 1.4379146123599142, 5.129283016944967, 5.9929699896125905, 5.357552004618085, 5.305301360690627, 5.523561956057014, 5.415669605405767, 5.6438561897747235, 6.520596352297451, 5.700439718141091, 1.682240965169533, -0.9999999999999989], [-0.9999999999999996, 1.7676611459892877, 5.952469052068636, 6.917067146766555, 6.183725764056658, 6.128813651419707, 6.385466304919901, 6.263238621407985, 6.520596352297451, 7.520894464377224, 6.598133931375256, 2.042716374757145, -0.9999999999999987], [-0.9999999999999992, 1.4739085887487648, 5.209453365628952, 6.057856830990372, 5.392317422778761, 5.347875416552063, 5.584962500721157, 5.474057918334893, 5.700439718141093, 6.598133931375257, 5.7813597135246635, 1.7167000347932733, -0.999999999999999], [-0.9999999999999998, -0.008239210639600718, 1.4884102843872664, 1.8261249189812274, 1.557584100971377, 1.5405950536645623, 1.6369732883501396, 1.5921787668544831, 1.6822409651695336, 2.0427163747571453, 1.7167000347932735, 0.08853277005377304, -0.9999999999999997], [-0.9999999999999999, -1.0000000000000002, -1.0000000000000004, -1.0000000000000004, -1.0000000000000007, -1.0000000000000004, -1.0000000000000004, -0.9999999999999999, -0.9999999999999994, -0.9999999999999997, -1.0, -0.9999999999999996, -1.0000000000000004]], "14": [[-1.0000000000000004, -1.0, -0.9999999999999999, -0.9999999999999999, -0.9999999999999994, -0.9999999999999988, -0.999999999999999, -1.0000000000000004, -0.9999999999999996, -0.9999999999999996, -0.9999999999999999, -0.9999999999999999, -1.0000000000000007], [-1.0000000000000002, -0.10649175183871838, 1.2454050591901464, 1.5598242540914673, 1.3292025386194681, 1.3199585037970842, 1.4061353969727202, 1.3598532544914954, 1.4379146123599138, 1.767661145989287, 1.4739085887487646, -0.008239210639600538, -0.9999999999999996], [-1.0, 1.2454050591901478, 4.643856189774727, 5.436790897764386, 4.857980995127573, 4.830762521266224, 5.044394119358457, 4.93112987215801, 5.129283016944967, 5.952469052068636, 5.209453365628953, 1.4884102843872675, -0.9999999999999997], [-0.9999999999999996, 1.5598242540914677, 5.436790897764387, 6.347359316266031, 5.688863147441671, 5.647430899860849, 5.883496312392209, 5.762170642235099, 5.992969989612589, 6.917067146766555, 6.057856830990373, 1.8261249189812279, -0.9999999999999989], [-0.9999999999999997, 1.3292025386194681, 4.8579809951275745, 5.68886314744167, 5.087462841250341, 5.0394868403808015, 5.247927513443587, 5.14437838574837, 5.357552004618083, 6.183725764056659, 5.392317422778762, 1.5575841009713773, -0.9999999999999991], [-0.9999999999999993, 1.319958503797085, 4.830762521266223, 5.647430899860848, 5.039486840380801, 4.99273320425748, 5.2035871421020765, 5.0974819679921115, 5.3053013606906285, 6.128813651419708, 5.347875416552064, 1.5405950536645625, -0.9999999999999988], [-0.9999999999999993, 1.4061353969727206, 5.044394119358456, 5.883496312392207, 5.247927513443584, 5.203587142102074, 5.426264754702102, 5.311452399545266, 5.523561956057013, 6.385466304919902, 5.58496250072116, 1.6369732883501393, -0.9999999999999991], [-1.0000000000000002, 1.3598532544914959, 4.931129872158011, 5.762170642235098, 5.144378385748369, 5.0974819679921115, 5.311452399545266, 5.201764928211134, 5.415669605405766, 6.263238621407985, 5.474057918334894, 1.592178766854483, -0.9999999999999994], [-0.9999999999999993, 1.4379146123599142, 5.129283016944967, 5.9929699896125905, 5.357552004618085, 5.305301360690627, 5.523561956057014, 5.415669605405767, 5.6438561897747235, 6.520596352297451, 5.700439718141091, 1.682240965169533, -0.9999999999999989], [-0.9999999999999996, 1.7676611459892877, 5.952469052068636, 6.917067146766555, 6.183725764056658, 6.128813651419707, 6.385466304919901, 6.263238621407985, 6.520596352297451, 7.520894464377224, 6.598133931375256, 2.042716374757145, -0.9999999999999987], [-0.9999999999999992, 1.4739085887487648, 5.209453365628952, 6.057856830990372, 5.392317422778761, 5.347875416552063, 5.584962500721157, 5.474057918334893, 5.700439718141093, 6.598133931375257, 5.7813597135246635, 1.7167000347932733, -0.999999999999999], [-0.9999999999999998, -0.008239210639600718, 1.4884102843872664, 1.8261249189812274, 1.557584100971377, 1.5405950536645623, 1.6369732883501396, 1.5921787668544831, 1.6822409651695336, 2.0427163747571453, 1.7167000347932735, 0.08853277005377304, -0.9999999999999997], [-0.9999999999999999, -1.0000000000000002, -1.0000000000000004, -1.0000000000000004, -1.0000000000000007, -1.0000000000000004, -1.0000000000000004, -0.9999999999999999, -0.9999999999999994, -0.9999999999999997, -1.0, -0.9999999999999996, -1.0000000000000004]], "15": [[-1.0000000000000004, -1.0, -0.9999999999999999, -0.9999999999999999, -0.9999999999999994, -0.9999999999999988, -0.999999999999999, -1.0000000000000004, -0.9999999999999996, -0.9999999999999996, -0.9999999999999999, -0.9999999999999999, -1.0000000000000007], [-1.0000000000000002, -0.10649175183871838, 1.2454050591901464, 1.5598242540914673, 1.3292025386194681, 1.3199585037970842, 1.4061353969727202, 1.3598532544914954, 1.4379146123599138, 1.767661145989287, 1.4739085887487646, -0.008239210639600538, -0.9999999999999996], [-1.0, 1.2454050591901478, 4.643856189774727, 5.436790897764386, 4.857980995127573, 4.830762521266224, 5.044394119358457, 4.93112987215801, 5.129283016944967, 5.952469052068636, 5.209453365628953, 1.4884102843872675, -0.9999999999999997], [-0.9999999999999996, 1.5598242540914677, 5.436790897764387, 6.347359316266031, 5.688863147441671, 5.647430899860849, 5.883496312392209, 5.762170642235099, 5.992969989612589, 6.917067146766555, 6.057856830990373, 1.8261249189812279, -0.9999999999999989], [-0.9999999999999997, 1.3292025386194681, 4.8579809951275745, 5.68886314744167, 5.087462841250341, 5.0394868403808015, 5.247927513443587, 5.14437838574837, 5.357552004618083, 6.183725764056659, 5.392317422778762, 1.5575841009713773, -0.9999999999999991], [-0.9999999999999993, 1.319958503797085, 4.830762521266223, 5.647430899860848, 5.039486840380801, 4.99273320425748, 5.2035871421020765, 5.0974819679921115, 5.3053013606906285, 6.128813651419708, 5.347875416552064, 1.5405950536645625, -0.9999999999999988], [-0.9999999999999993, 1.4061353969727206, 5.044394119358456, 5.883496312392207, 5.247927513443584, 5.203587142102074, 5.426264754702102, 5.311452399545266, 5.523561956057013, 6.385466304919902, 5.58496250072116, 1.6369732883501393, -0.9999999999999991], [-1.0000000000000002, 1.3598532544914959, 4.931129872158011, 5.762170642235098, 5.144378385748369, 5.0974819679921115, 5.311452399545266, 5.201764928211134, 5.415669605405766, 6.263238621407985, 5.474057918334894, 1.592178766854483, -0.9999999999999994], [-0.9999999999999993, 1.4379146123599142, 5.129283016944967, 5.9929699896125905, 5.357552004618085, 5.305301360690627, 5.523561956057014, 5.415669605405767, 5.6438561897747235, 6.520596352297451, 5.700439718141091, 1.682240965169533, -0.9999999999999989], [-0.9999999999999996, 1.7676611459892877, 5.952469052068636, 6.917067146766555, 6.183725764056658, 6.128813651419707, 6.385466304919901, 6.263238621407985, 6.520596352297451, 7.520894464377224, 6.598133931375256, 2.042716374757145, -0.9999999999999987], [-0.9999999999999992, 1.4739085887487648, 5.209453365628952, 6.057856830990372, 5.392317422778761, 5.347875416552063, 5.584962500721157, 5.474057918334893, 5.700439718141093, 6.598133931375257, 5.7813597135246635, 1.7167000347932733, -0.999999999999999], [-0.9999999999999998, -0.008239210639600718, 1.4884102843872664, 1.8261249189812274, 1.557584100971377, 1.5405950536645623, 1.6369732883501396, 1.5921787668544831, 1.6822409651695336, 2.0427163747571453, 1.7167000