0.00 0.00 0.00 0.00 0.00 0.00 0.00 0.00 0.00 0.00 0.00 0.00 0.00
0.00 3.58 3.91 4.09 4.25 4.32 4.39 4.32 4.25 4.09 3.91 3.58 0.00
0.00 3.91 4.17 4.39 4.52 4.64 4.70 4.64 4.52 4.39 4.17 3.91 0.00
0.00 4.09 4.39 4.58 4.75 4.86 4.91 4.86 4.75 4.58 4.39 4.09 0.00
0.00 4.25 4.52 4.75 4.91 5.00 5.04 5.00 4.91 4.75 4.52 4.25 0.00
0.00 4.32 4.64 4.86 5.00 5.09 5.13 5.09 5.00 4.86 4.64 4.32 0.00
0.00 4.39 4.70 4.91 5.04 5.13 5.17 5.13 5.04 4.91 4.70 4.39 0.00
0.00 4.32 4.64 4.86 5.00 5.09 5.13 5.09 5.00 4.86 4.64 4.32 0.00
0.00 4.25 4.52 4.75 4.91 5.00 5.04 5.00 4.91 4.75 4.52 4.25 0.00
0.00 4.09 4.39 4.58 4.75 4.86 4.91 4.86 4.75 4.58 4.39 4.09 0.00
0.00 3.91 4.17 4.39 4.52 4.64 4.70 4.64 4.52 4.39 4.17 3.91 0.00
0.00 3.58 3.91 4.09 4.25 4.32 4.39 4.32 4.25 4.09 3.91 3.58 0.00
0.00 0.00 0.00 0.00 0.00 0.00 0.00 0.00 0.00 0.00 0.00 0.00 0.00
