0.00 0.00 0.00 0.00 0.00 0.00 0.00 0.00 0.00 0.00 0.00 0.00 0.00
0.00 4.00 4.25 4.46 4.58 4.70 4.70 4.70 4.58 4.46 4.25 4.00 0.00
0.00 4.25 4.52 4.70 4.86 4.95 5.00 4.95 4.86 4.70 4.52 4.25 0.00
0.00 4.46 4.70 4.91 5.04 5.17 5.21 5.17 5.04 4.91 4.70 4.46 0.00
0.00 4.58 4.86 5.04 5.21 5.32 5.36 5.32 5.21 5.04 4.86 4.58 0.00
0.00 4.70 4.95 5.17 5.32 5.43 5.46 5.43 5.32 5.17 4.95 4.70 0.00
0.00 4.70 5.00 5.21 5.36 5.46 5.49 5.46 5.36 5.21 5.00 4.70 0.00
0.00 4.70 4.95 5.17 5.32 5.43 5.46 5.43 5.32 5.17 4.95 4.70 0.00
0.00 4.58 4.86 5.04 5.21 5.32 5.36 5.32 5.21 5.04 4.86 4.58 0.00
0.00 4.46 4.70 4.91 5.04 5.17 5.21 5.17 5.04 4.91 4.70 4.46 0.00
0.00 4.25 4.52 4.70 4.86 4.95 5.00 4.95 4.86 4.70 4.52 4.25 0.00
0.00 4.00 4.25 4.46 4.58 4.70 4.70 4.70 4.58 4.46 4.25 4.00 0.00
0.00 0.00 0.00 0.00 0.00 0.00 0.00 0.00 0.00 0.00 0.00 0.00 0.00
